18344
55621
18918
18688
18870
18024
18878
18872
18690
42638
63609
17574
64282
17960
56025
18342
12742
21247
19775
42626
17604
23912
17602
47244
45673
45338
65765
52268
18874
42922
64276
47038
34942
45192
71748
52699
17572
47234
34912
76363
43554
17422
45280
46696
9988
19865
46455
34026
58114
42726
45346
36956
69654
8892
17556
49188
42624
43904
42688
4072
19885
43568
9592
46267
46222
42664
46712
11362
9986
42846
43032
38986
55937
51980
45883
46210
46409
70937
43608
61879
32616
17666
17320
19752
46241
54635
29254
14182
42900
53578
8802
19020
47186
43556
18358
45482
17420
61042
45378
13546
45442
21095
40824
47506
42690
43754
11586
47128
22272
48850
42758
42650
42908
17702
42672
46510
47628
44310
14648
7494
26566
45376
4348
42692
52495
47126
45402
46353
43466
52008
21133
11660
42632
18902
9982
44236
13238
11754
31910
53833
21267
52262
55067
22284
17370
14384
14626
56301
53976
11752
11614
29406
19863
21117
45364
44232
44024
46721
13996
11748
47045
17670
13688
44850
43764
19935
44006
40898
32688
42946
44250
38288
9498
52394
17558
77348
40538
21067
43630
18348
44246
18956
45422
60221
52066
42656
46719
52104
45248
44230
29402
21131
8330
8056
66930
52735
9600
13124
45990
33394
42884
75348
41148
43038
32784
20205
42860
47088
44442
45565
64029
46437
55629
13858
61211
44548
54832
47408
24750
9654
8850
26972
52422
24410
45955
42730
43036
51682
21151
20713
20345
42644
19835
21119
20101
42960
44260
42708
19744
12532
44238
43994
42982
20247
3524
29408
3704
55613
64166
21461
21307
54804
40108
48852
10070
35180
42994
8886
52683
12818
17844
8344
66433
44648
44248
24744
21071
47580
47523
45414
77254
17680
1504
45517
43096
6510
29404
40848
17698
21853
43816
48144
7392
51886
55071
54180
5716
42858
44046
42956
46136
3266
2998
52064
21057
54130
17564
57938
36964
43628
5114
17668
33244
42962
66060
55611
30096
43114
31782
46207
43752
19927
43656
42774
21645
19895
71010
44234
44542
46275
24742
76647
40956
71011
55657
52402
44686
33420
21137
43900
21143
46692
71435
68031
10682
8428
47102
46399
47146
34770
8184
5782
42722
42872
42890
45953
18994
35454
24496
43714
43474
19973
8884
54764
43634
44596
75648
21179
29302
7388
24464
14712
20203
32674
18114
53813
21381
37888
33286
65976
71275
31834
43616
42862
19214
43108
15410
10394
7360
53159
47301
12044
44162
45972
45577
11964
9438
43910
53674
59750
52340
21611
52302
5140
55873
9744
43374
49672
45012
40794
72638
39230
52038
47049
47548
70387
10648
46255
46096
51876
66094
45509
42866
42564
63224
27416
4368
40990
65785
58262
45957
42704
41590
5138
58762
36320
19987
42748
5540
17288
19909
24746
19228
51920
63928
23008
59413
21453
23452
32618
11260
19993
58690
22398
5942
44206
20991
42790
34786
43670
43986
45318
17540
5702
29450
40526
19989
74192
47550
53772
28078
45358
6984
43638
72669
46156
68954
68406
21203
42750
14336
52330
27390
1554
11566
67905
43954
21005
42728
47208
67458
20125
20609
42714
71289
20217
20709
46758
57744
20435
46912
32820
42628
67623
45412
11962
5142
45633
39350
20245
